"time [s]"	"region"	"quantity [kg]"	"flux"	"flux_in"	"flux_out"	"mass"	"source"	"source_in"	"source_out"	"flux_increment"	"source_increment"	"flux_cumulative"	"source_cumulative"	"error"
0	"fracture"	"X"	0	0	0	0	0	0	0	0	0	0	0	0
0	"bulk"	"X"	0	0	0	0	0	0	0	0	0	0	0	0
0	"repository"	"X"	0	0	0	0	7.2e-05	7.2e-05	0	0	0	0	0	0
0	".bottom"	"X"	0	0	0	0	0	0	0	0	0	0	0	0
0	".left"	"X"	0	0	0	0	0	0	0	0	0	0	0	0
0	".right"	"X"	0	0	0	0	0	0	0	0	0	0	0	0
0	".topright"	"X"	0	0	0	0	0	0	0	0	0	0	0	0
0	".topleft"	"X"	0	0	0	0	0	0	0	0	0	0	0	0
0	".IMPLICIT_BOUNDARY"	"X"	0	0	0	0	0	0	0	0	0	0	0	0
0	"ALL"	"X"	0	0	0	0	7.2e-05	7.2e-05	0	0	0	0	0	0
10	"fracture"	"X"	0	0	0	0	0	0	0	0	0	0	0	0
10	"bulk"	"X"	0	0	0	3.58881e-14	0	0	0	0	0	0	0	0
10	"repository"	"X"	0	0	0	0.00036	0	0	0	0	0	0	0	0
10	".bottom"	"X"	0	0	0	0	0	0	0	0	0	0	0	0
10	".left"	"X"	0	0	0	0	0	0	0	0	0	0	0	0
10	".right"	"X"	0	0	0	0	0	0	0	0	0	0	0	0
10	".topright"	"X"	0	0	0	0	0	0	0	0	0	0	0	0
10	".topleft"	"X"	0	0	0	0	0	0	0	0	0	0	0	0
10	".IMPLICIT_BOUNDARY"	"X"	0	0	0	0	0	0	0	0	0	0	0	0
10	"ALL"	"X"	0	0	0	0.00036	0	0	0	0	0.00036	0	0.00036	2.17806e-14
20	"fracture"	"X"	0	0	0	0	0	0	0	0	0	0	0	0
20	"bulk"	"X"	0	0	0	1.07664e-13	0	0	0	0	0	0	0	0
20	"repository"	"X"	0	0	0	0.00036	0	0	0	0	0	0	0	0
20	".bottom"	"X"	0	0	0	0	0	0	0	0	0	0	0	0
20	".left"	"X"	0	0	0	0	0	0	0	0	0	0	0	0
20	".right"	"X"	0	0	0	0	0	0	0	0	0	0	0	0
20	".topright"	"X"	0	0	0	0	0	0	0	0	0	0	0	0
20	".topleft"	"X"	0	0	0	0	0	0	0	0	0	0	0	0
20	".IMPLICIT_BOUNDARY"	"X"	0	0	0	0	0	0	0	0	0	0	0	0
20	"ALL"	"X"	0	0	0	0.00036	0	0	0	0	0	0	0.00036	6.53419e-14
30	"fracture"	"X"	0	0	0	0	0	0	0	0	0	0	0	0
30	"bulk"	"X"	0	0	0	1.79441e-13	0	0	0	0	0	0	0	0
30	"repository"	"X"	0	0	0	0.00036	0	0	0	0	0	0	0	0
30	".bottom"	"X"	0	0	0	0	0	0	0	0	0	0	0	0
30	".left"	"X"	0	0	0	0	0	0	0	0	0	0	0	0
30	".right"	"X"	0	0	0	0	0	0	0	0	0	0	0	0
30	".topright"	"X"	0	0	0	0	0	0	0	0	0	0	0	0
30	".topleft"	"X"	0	0	0	0	0	0	0	0	0	0	0	0
30	".IMPLICIT_BOUNDARY"	"X"	0	0	0	0	0	0	0	0	0	0	0	0
30	"ALL"	"X"	0	0	0	0.00036	0	0	0	0	0	0	0.00036	1.08903e-13
40	"fracture"	"X"	0	0	0	0	0	0	0	0	0	0	0	0
40	"bulk"	"X"	0	0	0	2.51217e-13	0	0	0	0	0	0	0	0
40	"repository"	"X"	0	0	0	0.00036	0	0	0	0	0	0	0	0
40	".bottom"	"X"	0	0	0	0	0	0	0	0	0	0	0	0
40	".left"	"X"	0	0	0	0	0	0	0	0	0	0	0	0
40	".right"	"X"	0	0	0	0	0	0	0	0	0	0	0	0
40	".topright"	"X"	0	0	0	0	0	0	0	0	0	0	0	0
40	".topleft"	"X"	0	0	0	0	0	0	0	0	0	0	0	0
40	".IMPLICIT_BOUNDARY"	"X"	0	0	0	0	0	0	0	0	0	0	0	0
40	"ALL"	"X"	0	0	0	0.00036	0	0	0	0	0	0	0.00036	1.52465e-13
50	"fracture"	"X"	0	0	0	0	0	0	0	0	0	0	0	0
50	"bulk"	"X"	0	0	0	3.22993e-13	0	0	0	0	0	0	0	0
50	"repository"	"X"	0	0	0	0.00036	0	0	0	0	0	0	0	0
50	".bottom"	"X"	0	0	0	0	0	0	0	0	0	0	0	0
50	".left"	"X"	0	0	0	0	0	0	0	0	0	0	0	0
50	".right"	"X"	0	0	0	0	0	0	0	0	0	0	0	0
50	".topright"	"X"	0	0	0	0	0	0	0	0	0	0	0	0
50	".topleft"	"X"	0	0	0	0	0	0	0	0	0	0	0	0
50	".IMPLICIT_BOUNDARY"	"X"	0	0	0	0	0	0	0	0	0	0	0	0
50	"ALL"	"X"	0	0	0	0.00036	0	0	0	0	0	0	0.00036	1.96026e-13
60	"fracture"	"X"	0	0	0	0	0	0	0	0	0	0	0	0
60	"bulk"	"X"	0	0	0	3.94769e-13	0	0	0	0	0	0	0	0
60	"repository"	"X"	0	0	0	0.00036	0	0	0	0	0	0	0	0
60	".bottom"	"X"	0	0	0	0	0	0	0	0	0	0	0	0
60	".left"	"X"	0	0	0	0	0	0	0	0	0	0	0	0
60	".right"	"X"	0	0	0	0	0	0	0	0	0	0	0	0
60	".topright"	"X"	0	0	0	0	0	0	0	0	0	0	0	0
60	".topleft"	"X"	0	0	0	0	0	0	0	0	0	0	0	0
60	".IMPLICIT_BOUNDARY"	"X"	0	0	0	0	0	0	0	0	0	0	0	0
60	"ALL"	"X"	0	0	0	0.00036	0	0	0	0	0	0	0.00036	2.39587e-13
70	"fracture"	"X"	0	0	0	0	0	0	0	0	0	0	0	0
70	"bulk"	"X"	0	0	0	4.66545e-13	0	0	0	0	0	0	0	0
70	"repository"	"X"	0	0	0	0.00036	0	0	0	0	0	0	0	0
70	".bottom"	"X"	0	0	0	0	0	0	0	0	0	0	0	0
70	".left"	"X"	0	0	0	0	0	0	0	0	0	0	0	0
70	".right"	"X"	0	0	0	0	0	0	0	0	0	0	0	0
70	".topright"	"X"	0	0	0	0	0	0	0	0	0	0	0	0
70	".topleft"	"X"	0	0	0	0	0	0	0	0	0	0	0	0
70	".IMPLICIT_BOUNDARY"	"X"	0	0	0	0	0	0	0	0	0	0	0	0
70	"ALL"	"X"	0	0	0	0.00036	0	0	0	0	0	0	0.00036	2.83149e-13
80	"fracture"	"X"	0	0	0	0	0	0	0	0	0	0	0	0
80	"bulk"	"X"	0	0	0	5.38322e-13	0	0	0	0	0	0	0	0
80	"repository"	"X"	0	0	0	0.00036	0	0	0	0	0	0	0	0
80	".bottom"	"X"	0	0	0	0	0	0	0	0	0	0	0	0
80	".left"	"X"	0	0	0	0	0	0	0	0	0	0	0	0
80	".right"	"X"	0	0	0	0	0	0	0	0	0	0	0	0
80	".topright"	"X"	0	0	0	0	0	0	0	0	0	0	0	0
80	".topleft"	"X"	0	0	0	0	0	0	0	0	0	0	0	0
80	".IMPLICIT_BOUNDARY"	"X"	0	0	0	0	0	0	0	0	0	0	0	0
80	"ALL"	"X"	0	0	0	0.00036	0	0	0	0	0	0	0.00036	3.2671e-13
90	"fracture"	"X"	0	0	0	0	0	0	0	0	0	0	0	0
90	"bulk"	"X"	0	0	0	6.10098e-13	0	0	0	0	0	0	0	0
90	"repository"	"X"	0	0	0	0.00036	0	0	0	0	0	0	0	0
90	".bottom"	"X"	0	0	0	0	0	0	0	0	0	0	0	0
90	".left"	"X"	0	0	0	0	0	0	0	0	0	0	0	0
90	".right"	"X"	0	0	0	0	0	0	0	0	0	0	0	0
90	".topright"	"X"	0	0	0	0	0	0	0	0	0	0	0	0
90	".topleft"	"X"	0	0	0	0	0	0	0	0	0	0	0	0
90	".IMPLICIT_BOUNDARY"	"X"	0	0	0	0	0	0	0	0	0	0	0	0
90	"ALL"	"X"	0	0	0	0.00036	0	0	0	0	0	0	0.00036	3.70271e-13
100	"fracture"	"X"	0	0	0	0	0	0	0	0	0	0	0	0
100	"bulk"	"X"	0	0	0	6.81874e-13	0	0	0	0	0	0	0	0
100	"repository"	"X"	0	0	0	0.00036	0	0	0	0	0	0	0	0
100	".bottom"	"X"	0	0	0	0	0	0	0	0	0	0	0	0
100	".left"	"X"	0	0	0	0	0	0	0	0	0	0	0	0
100	".right"	"X"	0	0	0	0	0	0	0	0	0	0	0	0
100	".topright"	"X"	0	0	0	0	0	0	0	0	0	0	0	0
100	".topleft"	"X"	0	0	0	0	0	0	0	0	0	0	0	0
100	".IMPLICIT_BOUNDARY"	"X"	0	0	0	0	0	0	0	0	0	0	0	0
100	"ALL"	"X"	0	0	0	0.00036	0	0	0	0	0	0	0.00036	4.13833e-13
110	"fracture"	"X"	0	0	0	0	0	0	0	0	0	0	0	0
110	"bulk"	"X"	0	0	0	7.5365e-13	0	0	0	0	0	0	0	0
110	"repository"	"X"	0	0	0	0.00036	0	0	0	0	0	0	0	0
110	".bottom"	"X"	0	0	0	0	0	0	0	0	0	0	0	0
110	".left"	"X"	0	0	0	0	0	0	0	0	0	0	0	0
110	".right"	"X"	0	0	0	0	0	0	0	0	0	0	0	0
110	".topright"	"X"	0	0	0	0	0	0	0	0	0	0	0	0
110	".topleft"	"X"	0	0	0	0	0	0	0	0	0	0	0	0
110	".IMPLICIT_BOUNDARY"	"X"	0	0	0	0	0	0	0	0	0	0	0	0
110	"ALL"	"X"	0	0	0	0.00036	0	0	0	0	0	0	0.00036	4.57394e-13
120	"fracture"	"X"	0	0	0	0	0	0	0	0	0	0	0	0
120	"bulk"	"X"	0	0	0	8.25427e-13	0	0	0	0	0	0	0	0
120	"repository"	"X"	0	0	0	0.00036	0	0	0	0	0	0	0	0
120	".bottom"	"X"	0	0	0	0	0	0	0	0	0	0	0	0
120	".left"	"X"	0	0	0	0	0	0	0	0	0	0	0	0
120	".right"	"X"	0	0	0	0	0	0	0	0	0	0	0	0
120	".topright"	"X"	0	0	0	0	0	0	0	0	0	0	0	0
120	".topleft"	"X"	0	0	0	0	0	0	0	0	0	0	0	0
120	".IMPLICIT_BOUNDARY"	"X"	0	0	0	0	0	0	0	0	0	0	0	0
120	"ALL"	"X"	0	0	0	0.00036	0	0	0	0	0	0	0.00036	5.00955e-13
130	"fracture"	"X"	0	0	0	0	0	0	0	0	0	0	0	0
130	"bulk"	"X"	0	0	0	8.97203e-13	0	0	0	0	0	0	0	0
130	"repository"	"X"	0	0	0	0.00036	0	0	0	0	0	0	0	0
130	".bottom"	"X"	0	0	0	0	0	0	0	0	0	0	0	0
130	".left"	"X"	0	0	0	0	0	0	0	0	0	0	0	0
130	".right"	"X"	0	0	0	0	0	0	0	0	0	0	0	0
130	".topright"	"X"	0	0	0	0	0	0	0	0	0	0	0	0
130	".topleft"	"X"	0	0	0	0	0	0	0	0	0	0	0	0
130	".IMPLICIT_BOUNDARY"	"X"	0	0	0	0	0	0	0	0	0	0	0	0
130	"ALL"	"X"	0	0	0	0.00036	0	0	0	0	0	0	0.00036	5.44517e-13
140	"fracture"	"X"	0	0	0	0	0	0	0	0	0	0	0	0
140	"bulk"	"X"	0	0	0	9.68979e-13	0	0	0	0	0	0	0	0
140	"repository"	"X"	0	0	0	0.00036	0	0	0	0	0	0	0	0
140	".bottom"	"X"	0	0	0	0	0	0	0	0	0	0	0	0
140	".left"	"X"	0	0	0	0	0	0	0	0	0	0	0	0
140	".right"	"X"	0	0	0	0	0	0	0	0	0	0	0	0
140	".topright"	"X"	0	0	0	0	0	0	0	0	0	0	0	0
140	".topleft"	"X"	0	0	0	0	0	0	0	0	0	0	0	0
140	".IMPLICIT_BOUNDARY"	"X"	0	0	0	0	0	0	0	0	0	0	0	0
140	"ALL"	"X"	0	0	0	0.00036	0	0	0	0	0	0	0.00036	5.88078e-13
150	"fracture"	"X"	0	0	0	0	0	0	0	0	0	0	0	0
150	"bulk"	"X"	0	0	0	1.04076e-12	0	0	0	0	0	0	0	0
150	"repository"	"X"	0	0	0	0.00036	0	0	0	0	0	0	0	0
150	".bottom"	"X"	0	0	0	0	0	0	0	0	0	0	0	0
150	".left"	"X"	0	0	0	0	0	0	0	0	0	0	0	0
150	".right"	"X"	0	0	0	0	0	0	0	0	0	0	0	0
150	".topright"	"X"	0	0	0	0	0	0	0	0	0	0	0	0
150	".topleft"	"X"	0	0	0	0	0	0	0	0	0	0	0	0
150	".IMPLICIT_BOUNDARY"	"X"	0	0	0	0	0	0	0	0	0	0	0	0
150	"ALL"	"X"	0	0	0	0.00036	0	0	0	0	0	0	0.00036	6.31639e-13
160	"fracture"	"X"	0	0	0	0	0	0	0	0	0	0	0	0
160	"bulk"	"X"	0	0	0	1.11253e-12	0	0	0	0	0	0	0	0
160	"repository"	"X"	0	0	0	0.00036	0	0	0	0	0	0	0	0
160	".bottom"	"X"	0	0	0	0	0	0	0	0	0	0	0	0
160	".left"	"X"	0	0	0	0	0	0	0	0	0	0	0	0
160	".right"	"X"	0	0	0	0	0	0	0	0	0	0	0	0
160	".topright"	"X"	0	0	0	0	0	0	0	0	0	0	0	0
160	".topleft"	"X"	0	0	0	0	0	0	0	0	0	0	0	0
160	".IMPLICIT_BOUNDARY"	"X"	0	0	0	0	0	0	0	0	0	0	0	0
160	"ALL"	"X"	0	0	0	0.00036	0	0	0	0	0	0	0.00036	6.75201e-13
170	"fracture"	"X"	0	0	0	0	0	0	0	0	0	0	0	0
170	"bulk"	"X"	0	0	0	1.18431e-12	0	0	0	0	0	0	0	0
170	"repository"	"X"	0	0	0	0.00036	0	0	0	0	0	0	0	0
170	".bottom"	"X"	0	0	0	0	0	0	0	0	0	0	0	0
170	".left"	"X"	0	0	0	0	0	0	0	0	0	0	0	0
170	".right"	"X"	0	0	0	0	0	0	0	0	0	0	0	0
170	".topright"	"X"	0	0	0	0	0	0	0	0	0	0	0	0
170	".topleft"	"X"	0	0	0	0	0	0	0	0	0	0	0	0
170	".IMPLICIT_BOUNDARY"	"X"	0	0	0	0	0	0	0	0	0	0	0	0
170	"ALL"	"X"	0	0	0	0.00036	0	0	0	0	0	0	0.00036	7.18762e-13
180	"fracture"	"X"	0	0	0	0	0	0	0	0	0	0	0	0
180	"bulk"	"X"	0	0	0	1.25608e-12	0	0	0	0	0	0	0	0
180	"repository"	"X"	0	0	0	0.00036	0	0	0	0	0	0	0	0
180	".bottom"	"X"	0	0	0	0	0	0	0	0	0	0	0	0
180	".left"	"X"	0	0	0	0	0	0	0	0	0	0	0	0
180	".right"	"X"	0	0	0	0	0	0	0	0	0	0	0	0
180	".topright"	"X"	0	0	0	0	0	0	0	0	0	0	0	0
180	".topleft"	"X"	0	0	0	0	0	0	0	0	0	0	0	0
180	".IMPLICIT_BOUNDARY"	"X"	0	0	0	0	0	0	0	0	0	0	0	0
180	"ALL"	"X"	0	0	0	0.00036	0	0	0	0	0	0	0.00036	7.62323e-13
190	"fracture"	"X"	0	0	0	0	0	0	0	0	0	0	0	0
190	"bulk"	"X"	0	0	0	1.32786e-12	0	0	0	0	0	0	0	0
190	"repository"	"X"	0	0	0	0.00036	0	0	0	0	0	0	0	0
190	".bottom"	"X"	0	0	0	0	0	0	0	0	0	0	0	0
190	".left"	"X"	0	0	0	0	0	0	0	0	0	0	0	0
190	".right"	"X"	0	0	0	0	0	0	0	0	0	0	0	0
190	".topright"	"X"	0	0	0	0	0	0	0	0	0	0	0	0
190	".topleft"	"X"	0	0	0	0	0	0	0	0	0	0	0	0
190	".IMPLICIT_BOUNDARY"	"X"	0	0	0	0	0	0	0	0	0	0	0	0
190	"ALL"	"X"	0	0	0	0.00036	0	0	0	0	0	0	0.00036	8.05885e-13
200	"fracture"	"X"	0	0	0	0	0	0	0	0	0	0	0	0
200	"bulk"	"X"	0	0	0	1.39964e-12	0	0	0	0	0	0	0	0
200	"repository"	"X"	0	0	0	0.00036	0	0	0	0	0	0	0	0
200	".bottom"	"X"	0	0	0	0	0	0	0	0	0	0	0	0
200	".left"	"X"	0	0	0	0	0	0	0	0	0	0	0	0
200	".right"	"X"	0	0	0	0	0	0	0	0	0	0	0	0
200	".topright"	"X"	0	0	0	0	0	0	0	0	0	0	0	0
200	".topleft"	"X"	0	0	0	0	0	0	0	0	0	0	0	0
200	".IMPLICIT_BOUNDARY"	"X"	0	0	0	0	0	0	0	0	0	0	0	0
200	"ALL"	"X"	0	0	0	0.00036	0	0	0	0	0	0	0.00036	8.49446e-13
210	"fracture"	"X"	0	0	0	0	0	0	0	0	0	0	0	0
210	"bulk"	"X"	0	0	0	1.47141e-12	0	0	0	0	0	0	0	0
210	"repository"	"X"	0	0	0	0.00036	0	0	0	0	0	0	0	0
210	".bottom"	"X"	0	0	0	0	0	0	0	0	0	0	0	0
210	".left"	"X"	0	0	0	0	0	0	0	0	0	0	0	0
210	".right"	"X"	0	0	0	0	0	0	0	0	0	0	0	0
210	".topright"	"X"	0	0	0	0	0	0	0	0	0	0	0	0
210	".topleft"	"X"	0	0	0	0	0	0	0	0	0	0	0	0
210	".IMPLICIT_BOUNDARY"	"X"	0	0	0	0	0	0	0	0	0	0	0	0
210	"ALL"	"X"	0	0	0	0.00036	0	0	0	0	0	0	0.00036	8.93007e-13
220	"fracture"	"X"	0	0	0	0	0	0	0	0	0	0	0	0
220	"bulk"	"X"	0	0	0	1.54319e-12	0	0	0	0	0	0	0	0
220	"repository"	"X"	0	0	0	0.00036	0	0	0	0	0	0	0	0
220	".bottom"	"X"	0	0	0	0	0	0	0	0	0	0	0	0
220	".left"	"X"	0	0	0	0	0	0	0	0	0	0	0	0
220	".right"	"X"	0	0	0	0	0	0	0	0	0	0	0	0
220	".topright"	"X"	0	0	0	0	0	0	0	0	0	0	0	0
220	".topleft"	"X"	0	0	0	0	0	0	0	0	0	0	0	0
220	".IMPLICIT_BOUNDARY"	"X"	0	0	0	0	0	0	0	0	0	0	0	0
220	"ALL"	"X"	0	0	0	0.00036	0	0	0	0	0	0	0.00036	9.36569e-13
230	"fracture"	"X"	0	0	0	0	0	0	0	0	0	0	0	0
230	"bulk"	"X"	0	0	0	1.61497e-12	0	0	0	0	0	0	0	0
230	"repository"	"X"	0	0	0	0.00036	0	0	0	0	0	0	0	0
230	".bottom"	"X"	0	0	0	0	0	0	0	0	0	0	0	0
230	".left"	"X"	0	0	0	0	0	0	0	0	0	0	0	0
230	".right"	"X"	0	0	0	0	0	0	0	0	0	0	0	0
230	".topright"	"X"	0	0	0	0	0	0	0	0	0	0	0	0
230	".topleft"	"X"	0	0	0	0	0	0	0	0	0	0	0	0
230	".IMPLICIT_BOUNDARY"	"X"	0	0	0	0	0	0	0	0	0	0	0	0
230	"ALL"	"X"	0	0	0	0.00036	0	0	0	0	0	0	0.00036	9.8013e-13
240	"fracture"	"X"	0	0	0	0	0	0	0	0	0	0	0	0
240	"bulk"	"X"	0	0	0	1.68674e-12	0	0	0	0	0	0	0	0
240	"repository"	"X"	0	0	0	0.00036	0	0	0	0	0	0	0	0
240	".bottom"	"X"	0	0	0	0	0	0	0	0	0	0	0	0
240	".left"	"X"	0	0	0	0	0	0	0	0	0	0	0	0
240	".right"	"X"	0	0	0	0	0	0	0	0	0	0	0	0
240	".topright"	"X"	0	0	0	0	0	0	0	0	0	0	0	0
240	".topleft"	"X"	0	0	0	0	0	0	0	0	0	0	0	0
240	".IMPLICIT_BOUNDARY"	"X"	0	0	0	0	0	0	0	0	0	0	0	0
240	"ALL"	"X"	0	0	0	0.00036	0	0	0	0	0	0	0.00036	1.02369e-12
250	"fracture"	"X"	0	0	0	0	0	0	0	0	0	0	0	0
250	"bulk"	"X"	0	0	0	1.75852e-12	0	0	0	0	0	0	0	0
250	"repository"	"X"	0	0	0	0.00036	0	0	0	0	0	0	0	0
250	".bottom"	"X"	0	0	0	0	0	0	0	0	0	0	0	0
250	".left"	"X"	0	0	0	0	0	0	0	0	0	0	0	0
250	".right"	"X"	0	0	0	0	0	0	0	0	0	0	0	0
250	".topright"	"X"	0	0	0	0	0	0	0	0	0	0	0	0
250	".topleft"	"X"	0	0	0	0	0	0	0	0	0	0	0	0
250	".IMPLICIT_BOUNDARY"	"X"	0	0	0	0	0	0	0	0	0	0	0	0
250	"ALL"	"X"	0	0	0	0.00036	0	0	0	0	0	0	0.00036	1.06725e-12
260	"fracture"	"X"	0	0	0	0	0	0	0	0	0	0	0	0
260	"bulk"	"X"	0	0	0	1.83029e-12	0	0	0	0	0	0	0	0
260	"repository"	"X"	0	0	0	0.00036	0	0	0	0	0	0	0	0
260	".bottom"	"X"	0	0	0	0	0	0	0	0	0	0	0	0
260	".left"	"X"	0	0	0	0	0	0	0	0	0	0	0	0
260	".right"	"X"	0	0	0	0	0	0	0	0	0	0	0	0
260	".topright"	"X"	0	0	0	0	0	0	0	0	0	0	0	0
260	".topleft"	"X"	0	0	0	0	0	0	0	0	0	0	0	0
260	".IMPLICIT_BOUNDARY"	"X"	0	0	0	0	0	0	0	0	0	0	0	0
260	"ALL"	"X"	0	0	0	0.00036	0	0	0	0	0	0	0.00036	1.11081e-12
270	"fracture"	"X"	0	0	0	0	0	0	0	0	0	0	0	0
270	"bulk"	"X"	0	0	0	1.90207e-12	0	0	0	0	0	0	0	0
270	"repository"	"X"	0	0	0	0.00036	0	0	0	0	0	0	0	0
270	".bottom"	"X"	0	0	0	0	0	0	0	0	0	0	0	0
270	".left"	"X"	0	0	0	0	0	0	0	0	0	0	0	0
270	".right"	"X"	0	0	0	0	0	0	0	0	0	0	0	0
270	".topright"	"X"	0	0	0	0	0	0	0	0	0	0	0	0
270	".topleft"	"X"	0	0	0	0	0	0	0	0	0	0	0	0
270	".IMPLICIT_BOUNDARY"	"X"	0	0	0	0	0	0	0	0	0	0	0	0
270	"ALL"	"X"	0	0	0	0.00036	0	0	0	0	0	0	0.00036	1.15438e-12
280	"fracture"	"X"	0	0	0	0	0	0	0	0	0	0	0	0
280	"bulk"	"X"	0	0	0	1.97385e-12	0	0	0	0	0	0	0	0
280	"repository"	"X"	0	0	0	0.00036	0	0	0	0	0	0	0	0
280	".bottom"	"X"	0	0	0	0	0	0	0	0	0	0	0	0
280	".left"	"X"	0	0	0	0	0	0	0	0	0	0	0	0
280	".right"	"X"	0	0	0	0	0	0	0	0	0	0	0	0
280	".topright"	"X"	0	0	0	0	0	0	0	0	0	0	0	0
280	".topleft"	"X"	0	0	0	0	0	0	0	0	0	0	0	0
280	".IMPLICIT_BOUNDARY"	"X"	0	0	0	0	0	0	0	0	0	0	0	0
280	"ALL"	"X"	0	0	0	0.00036	0	0	0	0	0	0	0.00036	1.19794e-12
290	"fracture"	"X"	0	0	0	0	0	0	0	0	0	0	0	0
290	"bulk"	"X"	0	0	0	2.04562e-12	0	0	0	0	0	0	0	0
290	"repository"	"X"	0	0	0	0.00036	0	0	0	0	0	0	0	0
290	".bottom"	"X"	0	0	0	0	0	0	0	0	0	0	0	0
290	".left"	"X"	0	0	0	0	0	0	0	0	0	0	0	0
290	".right"	"X"	0	0	0	0	0	0	0	0	0	0	0	0
290	".topright"	"X"	0	0	0	0	0	0	0	0	0	0	0	0
290	".topleft"	"X"	0	0	0	0	0	0	0	0	0	0	0	0
290	".IMPLICIT_BOUNDARY"	"X"	0	0	0	0	0	0	0	0	0	0	0	0
290	"ALL"	"X"	0	0	0	0.00036	0	0	0	0	0	0	0.00036	1.2415e-12
300	"fracture"	"X"	0	0	0	0	0	0	0	0	0	0	0	0
300	"bulk"	"X"	0	0	0	2.1174e-12	0	0	0	0	0	0	0	0
300	"repository"	"X"	0	0	0	0.00036	0	0	0	0	0	0	0	0
300	".bottom"	"X"	0	0	0	0	0	0	0	0	0	0	0	0
300	".left"	"X"	0	0	0	0	0	0	0	0	0	0	0	0
300	".right"	"X"	0	0	0	0	0	0	0	0	0	0	0	0
300	".topright"	"X"	0	0	0	0	0	0	0	0	0	0	0	0
300	".topleft"	"X"	0	0	0	0	0	0	0	0	0	0	0	0
300	".IMPLICIT_BOUNDARY"	"X"	0	0	0	0	0	0	0	0	0	0	0	0
300	"ALL"	"X"	0	0	0	0.00036	0	0	0	0	0	0	0.00036	1.28506e-12
310	"fracture"	"X"	0	0	0	0	0	0	0	0	0	0	0	0
310	"bulk"	"X"	0	0	0	2.18917e-12	0	0	0	0	0	0	0	0
310	"repository"	"X"	0	0	0	0.00036	0	0	0	0	0	0	0	0
310	".bottom"	"X"	0	0	0	0	0	0	0	0	0	0	0	0
310	".left"	"X"	0	0	0	0	0	0	0	0	0	0	0	0
310	".right"	"X"	0	0	0	0	0	0	0	0	0	0	0	0
310	".topright"	"X"	0	0	0	0	0	0	0	0	0	0	0	0
310	".topleft"	"X"	0	0	0	0	0	0	0	0	0	0	0	0
310	".IMPLICIT_BOUNDARY"	"X"	0	0	0	0	0	0	0	0	0	0	0	0
310	"ALL"	"X"	0	0	0	0.00036	0	0	0	0	0	0	0.00036	1.32862e-12
320	"fracture"	"X"	0	0	0	0	0	0	0	0	0	0	0	0
320	"bulk"	"X"	0	0	0	2.26095e-12	0	0	0	0	0	0	0	0
320	"repository"	"X"	0	0	0	0.00036	0	0	0	0	0	0	0	0
320	".bottom"	"X"	0	0	0	0	0	0	0	0	0	0	0	0
320	".left"	"X"	0	0	0	0	0	0	0	0	0	0	0	0
320	".right"	"X"	0	0	0	0	0	0	0	0	0	0	0	0
320	".topright"	"X"	0	0	0	0	0	0	0	0	0	0	0	0
320	".topleft"	"X"	0	0	0	0	0	0	0	0	0	0	0	0
320	".IMPLICIT_BOUNDARY"	"X"	0	0	0	0	0	0	0	0	0	0	0	0
320	"ALL"	"X"	0	0	0	0.00036	0	0	0	0	0	0	0.00036	1.37218e-12
330	"fracture"	"X"	0	0	0	0	0	0	0	0	0	0	0	0
330	"bulk"	"X"	0	0	0	2.33273e-12	0	0	0	0	0	0	0	0
330	"repository"	"X"	0	0	0	0.00036	0	0	0	0	0	0	0	0
330	".bottom"	"X"	0	0	0	0	0	0	0	0	0	0	0	0
330	".left"	"X"	0	0	0	0	0	0	0	0	0	0	0	0
330	".right"	"X"	0	0	0	0	0	0	0	0	0	0	0	0
330	".topright"	"X"	0	0	0	0	0	0	0	0	0	0	0	0
330	".topleft"	"X"	0	0	0	0	0	0	0	0	0	0	0	0
330	".IMPLICIT_BOUNDARY"	"X"	0	0	0	0	0	0	0	0	0	0	0	0
330	"ALL"	"X"	0	0	0	0.00036	0	0	0	0	0	0	0.00036	1.41574e-12
340	"fracture"	"X"	0	0	0	0	0	0	0	0	0	0	0	0
340	"bulk"	"X"	0	0	0	2.4045e-12	0	0	0	0	0	0	0	0
340	"repository"	"X"	0	0	0	0.00036	0	0	0	0	0	0	0	0
340	".bottom"	"X"	0	0	0	0	0	0	0	0	0	0	0	0
340	".left"	"X"	0	0	0	0	0	0	0	0	0	0	0	0
340	".right"	"X"	0	0	0	0	0	0	0	0	0	0	0	0
340	".topright"	"X"	0	0	0	0	0	0	0	0	0	0	0	0
340	".topleft"	"X"	0	0	0	0	0	0	0	0	0	0	0	0
340	".IMPLICIT_BOUNDARY"	"X"	0	0	0	0	0	0	0	0	0	0	0	0
340	"ALL"	"X"	0	0	0	0.00036	0	0	0	0	0	0	0.00036	1.4593e-12
350	"fracture"	"X"	0	0	0	0	0	0	0	0	0	0	0	0
350	"bulk"	"X"	0	0	0	2.47628e-12	0	0	0	0	0	0	0	0
350	"repository"	"X"	0	0	0	0.00036	0	0	0	0	0	0	0	0
350	".bottom"	"X"	0	0	0	0	0	0	0	0	0	0	0	0
350	".left"	"X"	0	0	0	0	0	0	0	0	0	0	0	0
350	".right"	"X"	0	0	0	0	0	0	0	0	0	0	0	0
350	".topright"	"X"	0	0	0	0	0	0	0	0	0	0	0	0
350	".topleft"	"X"	0	0	0	0	0	0	0	0	0	0	0	0
350	".IMPLICIT_BOUNDARY"	"X"	0	0	0	0	0	0	0	0	0	0	0	0
350	"ALL"	"X"	0	0	0	0.00036	0	0	0	0	0	0	0.00036	1.50287e-12
360	"fracture"	"X"	0	0	0	0	0	0	0	0	0	0	0	0
360	"bulk"	"X"	0	0	0	2.54806e-12	0	0	0	0	0	0	0	0
360	"repository"	"X"	0	0	0	0.00036	0	0	0	0	0	0	0	0
360	".bottom"	"X"	0	0	0	0	0	0	0	0	0	0	0	0
360	".left"	"X"	0	0	0	0	0	0	0	0	0	0	0	0
360	".right"	"X"	0	0	0	0	0	0	0	0	0	0	0	0
360	".topright"	"X"	0	0	0	0	0	0	0	0	0	0	0	0
360	".topleft"	"X"	0	0	0	0	0	0	0	0	0	0	0	0
360	".IMPLICIT_BOUNDARY"	"X"	0	0	0	0	0	0	0	0	0	0	0	0
360	"ALL"	"X"	0	0	0	0.00036	0	0	0	0	0	0	0.00036	1.54643e-12
370	"fracture"	"X"	0	0	0	0	0	0	0	0	0	0	0	0
370	"bulk"	"X"	0	0	0	2.61983e-12	0	0	0	0	0	0	0	0
370	"repository"	"X"	0	0	0	0.00036	0	0	0	0	0	0	0	0
370	".bottom"	"X"	0	0	0	0	0	0	0	0	0	0	0	0
370	".left"	"X"	0	0	0	0	0	0	0	0	0	0	0	0
370	".right"	"X"	0	0	0	0	0	0	0	0	0	0	0	0
370	".topright"	"X"	0	0	0	0	0	0	0	0	0	0	0	0
370	".topleft"	"X"	0	0	0	0	0	0	0	0	0	0	0	0
370	".IMPLICIT_BOUNDARY"	"X"	0	0	0	0	0	0	0	0	0	0	0	0
370	"ALL"	"X"	0	0	0	0.00036	0	0	0	0	0	0	0.00036	1.58999e-12
380	"fracture"	"X"	0	0	0	0	0	0	0	0	0	0	0	0
380	"bulk"	"X"	0	0	0	2.69161e-12	0	0	0	0	0	0	0	0
380	"repository"	"X"	0	0	0	0.00036	0	0	0	0	0	0	0	0
380	".bottom"	"X"	0	0	0	0	0	0	0	0	0	0	0	0
380	".left"	"X"	0	0	0	0	0	0	0	0	0	0	0	0
380	".right"	"X"	0	0	0	0	0	0	0	0	0	0	0	0
380	".topright"	"X"	0	0	0	0	0	0	0	0	0	0	0	0
380	".topleft"	"X"	0	0	0	0	0	0	0	0	0	0	0	0
380	".IMPLICIT_BOUNDARY"	"X"	0	0	0	0	0	0	0	0	0	0	0	0
380	"ALL"	"X"	0	0	0	0.00036	0	0	0	0	0	0	0.00036	1.63355e-12
390	"fracture"	"X"	0	0	0	0	0	0	0	0	0	0	0	0
390	"bulk"	"X"	0	0	0	2.76338e-12	0	0	0	0	0	0	0	0
390	"repository"	"X"	0	0	0	0.00036	0	0	0	0	0	0	0	0
390	".bottom"	"X"	0	0	0	0	0	0	0	0	0	0	0	0
390	".left"	"X"	0	0	0	0	0	0	0	0	0	0	0	0
390	".right"	"X"	0	0	0	0	0	0	0	0	0	0	0	0
390	".topright"	"X"	0	0	0	0	0	0	0	0	0	0	0	0
390	".topleft"	"X"	0	0	0	0	0	0	0	0	0	0	0	0
390	".IMPLICIT_BOUNDARY"	"X"	0	0	0	0	0	0	0	0	0	0	0	0
390	"ALL"	"X"	0	0	0	0.00036	0	0	0	0	0	0	0.00036	1.67711e-12
400	"fracture"	"X"	0	0	0	0	0	0	0	0	0	0	0	0
400	"bulk"	"X"	0	0	0	2.83516e-12	0	0	0	0	0	0	0	0
400	"repository"	"X"	0	0	0	0.00036	0	0	0	0	0	0	0	0
400	".bottom"	"X"	0	0	0	0	0	0	0	0	0	0	0	0
400	".left"	"X"	0	0	0	0	0	0	0	0	0	0	0	0
400	".right"	"X"	0	0	0	0	0	0	0	0	0	0	0	0
400	".topright"	"X"	0	0	0	0	0	0	0	0	0	0	0	0
400	".topleft"	"X"	0	0	0	0	0	0	0	0	0	0	0	0
400	".IMPLICIT_BOUNDARY"	"X"	0	0	0	0	0	0	0	0	0	0	0	0
400	"ALL"	"X"	0	0	0	0.00036	0	0	0	0	0	0	0.00036	1.72067e-12
410	"fracture"	"X"	0	0	0	0	0	0	0	0	0	0	0	0
410	"bulk"	"X"	0	0	0	2.90694e-12	0	0	0	0	0	0	0	0
410	"repository"	"X"	0	0	0	0.00036	0	0	0	0	0	0	0	0
410	".bottom"	"X"	0	0	0	0	0	0	0	0	0	0	0	0
410	".left"	"X"	0	0	0	0	0	0	0	0	0	0	0	0
410	".right"	"X"	0	0	0	0	0	0	0	0	0	0	0	0
410	".topright"	"X"	0	0	0	0	0	0	0	0	0	0	0	0
410	".topleft"	"X"	0	0	0	0	0	0	0	0	0	0	0	0
410	".IMPLICIT_BOUNDARY"	"X"	0	0	0	0	0	0	0	0	0	0	0	0
410	"ALL"	"X"	0	0	0	0.00036	0	0	0	0	0	0	0.00036	1.76423e-12
420	"fracture"	"X"	0	0	0	0	0	0	0	0	0	0	0	0
420	"bulk"	"X"	0	0	0	2.97871e-12	0	0	0	0	0	0	0	0
420	"repository"	"X"	0	0	0	0.00036	0	0	0	0	0	0	0	0
420	".bottom"	"X"	0	0	0	0	0	0	0	0	0	0	0	0
420	".left"	"X"	0	0	0	0	0	0	0	0	0	0	0	0
420	".right"	"X"	0	0	0	0	0	0	0	0	0	0	0	0
420	".topright"	"X"	0	0	0	0	0	0	0	0	0	0	0	0
420	".topleft"	"X"	0	0	0	0	0	0	0	0	0	0	0	0
420	".IMPLICIT_BOUNDARY"	"X"	0	0	0	0	0	0	0	0	0	0	0	0
420	"ALL"	"X"	0	0	0	0.00036	0	0	0	0	0	0	0.00036	1.8078e-12
430	"fracture"	"X"	0	0	0	0	0	0	0	0	0	0	0	0
430	"bulk"	"X"	0	0	0	3.05049e-12	0	0	0	0	0	0	0	0
430	"repository"	"X"	0	0	0	0.00036	0	0	0	0	0	0	0	0
430	".bottom"	"X"	0	0	0	0	0	0	0	0	0	0	0	0
430	".left"	"X"	0	0	0	0	0	0	0	0	0	0	0	0
430	".right"	"X"	0	0	0	0	0	0	0	0	0	0	0	0
430	".topright"	"X"	0	0	0	0	0	0	0	0	0	0	0	0
430	".topleft"	"X"	0	0	0	0	0	0	0	0	0	0	0	0
430	".IMPLICIT_BOUNDARY"	"X"	0	0	0	0	0	0	0	0	0	0	0	0
430	"ALL"	"X"	0	0	0	0.00036	0	0	0	0	0	0	0.00036	1.85136e-12
440	"fracture"	"X"	0	0	0	0	0	0	0	0	0	0	0	0
440	"bulk"	"X"	0	0	0	3.12227e-12	0	0	0	0	0	0	0	0
440	"repository"	"X"	0	0	0	0.00036	0	0	0	0	0	0	0	0
440	".bottom"	"X"	0	0	0	0	0	0	0	0	0	0	0	0
440	".left"	"X"	0	0	0	0	0	0	0	0	0	0	0	0
440	".right"	"X"	0	0	0	0	0	0	0	0	0	0	0	0
440	".topright"	"X"	0	0	0	0	0	0	0	0	0	0	0	0
440	".topleft"	"X"	0	0	0	0	0	0	0	0	0	0	0	0
440	".IMPLICIT_BOUNDARY"	"X"	0	0	0	0	0	0	0	0	0	0	0	0
440	"ALL"	"X"	0	0	0	0.00036	0	0	0	0	0	0	0.00036	1.89492e-12
450	"fracture"	"X"	0	0	0	0	0	0	0	0	0	0	0	0
450	"bulk"	"X"	0	0	0	3.19404e-12	0	0	0	0	0	0	0	0
450	"repository"	"X"	0	0	0	0.00036	0	0	0	0	0	0	0	0
450	".bottom"	"X"	0	0	0	0	0	0	0	0	0	0	0	0
450	".left"	"X"	0	0	0	0	0	0	0	0	0	0	0	0
450	".right"	"X"	0	0	0	0	0	0	0	0	0	0	0	0
450	".topright"	"X"	0	0	0	0	0	0	0	0	0	0	0	0
450	".topleft"	"X"	0	0	0	0	0	0	0	0	0	0	0	0
450	".IMPLICIT_BOUNDARY"	"X"	0	0	0	0	0	0	0	0	0	0	0	0
450	"ALL"	"X"	0	0	0	0.00036	0	0	0	0	0	0	0.00036	1.93848e-12
460	"fracture"	"X"	0	0	0	0	0	0	0	0	0	0	0	0
460	"bulk"	"X"	0	0	0	3.26582e-12	0	0	0	0	0	0	0	0
460	"repository"	"X"	0	0	0	0.00036	0	0	0	0	0	0	0	0
460	".bottom"	"X"	0	0	0	0	0	0	0	0	0	0	0	0
460	".left"	"X"	0	0	0	0	0	0	0	0	0	0	0	0
460	".right"	"X"	0	0	0	0	0	0	0	0	0	0	0	0
460	".topright"	"X"	0	0	0	0	0	0	0	0	0	0	0	0
460	".topleft"	"X"	0	0	0	0	0	0	0	0	0	0	0	0
460	".IMPLICIT_BOUNDARY"	"X"	0	0	0	0	0	0	0	0	0	0	0	0
460	"ALL"	"X"	0	0	0	0.00036	0	0	0	0	0	0	0.00036	1.98204e-12
470	"fracture"	"X"	0	0	0	0	0	0	0	0	0	0	0	0
470	"bulk"	"X"	0	0	0	3.33759e-12	0	0	0	0	0	0	0	0
470	"repository"	"X"	0	0	0	0.00036	0	0	0	0	0	0	0	0
470	".bottom"	"X"	0	0	0	0	0	0	0	0	0	0	0	0
470	".left"	"X"	0	0	0	0	0	0	0	0	0	0	0	0
470	".right"	"X"	0	0	0	0	0	0	0	0	0	0	0	0
470	".topright"	"X"	0	0	0	0	0	0	0	0	0	0	0	0
470	".topleft"	"X"	0	0	0	0	0	0	0	0	0	0	0	0
470	".IMPLICIT_BOUNDARY"	"X"	0	0	0	0	0	0	0	0	0	0	0	0
470	"ALL"	"X"	0	0	0	0.00036	0	0	0	0	0	0	0.00036	2.0256e-12
480	"fracture"	"X"	0	0	0	0	0	0	0	0	0	0	0	0
480	"bulk"	"X"	0	0	0	3.40937e-12	0	0	0	0	0	0	0	0
480	"repository"	"X"	0	0	0	0.00036	0	0	0	0	0	0	0	0
480	".bottom"	"X"	0	0	0	0	0	0	0	0	0	0	0	0
480	".left"	"X"	0	0	0	0	0	0	0	0	0	0	0	0
480	".right"	"X"	0	0	0	0	0	0	0	0	0	0	0	0
480	".topright"	"X"	0	0	0	0	0	0	0	0	0	0	0	0
480	".topleft"	"X"	0	0	0	0	0	0	0	0	0	0	0	0
480	".IMPLICIT_BOUNDARY"	"X"	0	0	0	0	0	0	0	0	0	0	0	0
480	"ALL"	"X"	0	0	0	0.00036	0	0	0	0	0	0	0.00036	2.06916e-12
